- catalyst_area: 44.424193000339805
  experiment_type: sbr
  expt_name: graaf_1988
  output:
    CH3OH: 0.0050159182409076075
    H2O: 0.004388928460794156
  pressure: 4960000.0
  run_num: 11.0
  species:
    CO: 0.065
    CO2: 0.261
    H2: 0.674
  temperature: 499.3
  use_for_opt: false
  volume: 0.0001346957850226624
  volume_flowrate: 1.055e-05
- catalyst_area: 44.424193000339805
  experiment_type: sbr
  expt_name: graaf_1988
  output:
    CH3OH: 0.004872034330280425
    H2O: 0.006942648920649606
  pressure: 3010000.0
  run_num: 15.0
  species:
    CO: 0.065
    CO2: 0.261
    H2: 0.674
  temperature: 516.7
  use_for_opt: false
  volume: 0.0001346957850226624
  volume_flowrate: 1.9469999999999998e-05
- catalyst_area: 44.424193000339805
  experiment_type: sbr
  expt_name: graaf_1988
  output:
    CH3OH: 0.006595638463150047
    H2O: 0.011183908698384861
  pressure: 3000000.0
  run_num: 21.0
  species:
    CO: 0.065
    CO2: 0.261
    H2: 0.674
  temperature: 532.4
  use_for_opt: false
  volume: 0.0001346957850226624
  volume_flowrate: 2.292e-05
- catalyst_area: 44.424193000339805
  experiment_type: sbr
  expt_name: graaf_1988
  output:
    CH3OH: 0.007318248485608562
    H2O: 0.015181472922273082
  pressure: 3030000.0
  run_num: 27.0
  species:
    CO: 0.065
    CO2: 0.261
    H2: 0.674
  temperature: 547.8
  use_for_opt: false
  volume: 0.0001346957850226624
  volume_flowrate: 2.489e-05
